1.000000 16.006206 6.368446 2013.710034 0.358566 20.733287 44.414224
 0.360351 0.440429 0.199220 0.000000 0.040060 0.040060 0.039873 0.039956
 0.040060 0.039956 0.040101 0.039956 0.040081 0.040039 0.040122 0.040060
 0.040081 0.040081 0.039956 0.039873 0.040101 0.039645 0.040122 0.040081
 0.040081 0.040060 0.039956 0.040060 0.039582 0.000000 0.064739 0.073810
 0.066379 0.059529 0.064656 0.063307 0.067396 0.053219 0.066607 0.063618
 0.061937 0.055793 0.055938 0.034642 0.052680 0.049711 0.046038 333.887812
 100.253248 32231.731496 5.742559 331.864199 710.780837 5.767965 7.048736
 3.189506 0.000000 0.640956 0.641496 0.637968 0.639213 0.640853 0.640458
 0.641600 0.639939 0.641724 0.640604 0.642077 0.641019 0.641247 0.641247
 0.639670 0.638922 0.641372 0.635124 0.641890 0.641060 0.641745 0.640500
 0.640334 0.641123 0.634065 0.000000 1.016024 1.166155 1.077753 0.966292
 1.050500 1.003570 1.063722 0.887355 1.058056 1.003632 0.966437 0.911163
 0.912657 0.555129 0.834593 0.805492 0.727677 46.655963 12823.901781
 2.280896 132.060877 282.891448 2.295508 2.805077 1.267861 0.000000
 0.255179 0.255262 0.253311 0.254120 0.255345 0.254245 0.255615 0.254120
 0.255656 0.255303 0.255532 0.255303 0.255345 0.255345 0.254660 0.253809
 0.255407 0.252169 0.255511 0.255324 0.255179 0.255220 0.254431 0.255282
 0.251775 0.000000 0.416767 0.466997 0.426813 0.380692 0.427207 0.408900
 0.433165 0.331085 0.427021 0.410104 0.382145 0.331521 0.357736 0.194881
 0.335859 0.320935 0.316618 4055029.338287 722.048404 41750.787183
 89437.379301 725.642928 886.896467 401.170638 0.000000 80.668853 80.668770
 80.292768 80.459836 80.668728 80.459774 80.752231 80.459753 80.710449
 80.626904 80.794201 80.668728 80.710636 80.710636 80.459857 80.292582
 80.752377 79.832787 80.794118 80.710553 80.710532 80.668791 80.459816
 80.668770 79.707584 0.000000 130.362676 148.617585 133.659928 119.873594
 130.188551 127.469488 135.709349 107.159243 134.120179 128.098717
 124.732928 112.356470 112.648200 69.769085 106.100502 100.117190 92.726348
 0.437855 7.434549 15.925497 0.039956 0.159865 0.158745 0.000000 0.000000
 0.000000 0.039873 0.039956 0.000000 0.039956 0.000000 0.039956 0.000000
 0.000000 0.000000 0.000000 0.000000 0.000000 0.000000 0.039873 0.000000
 0.079289 0.000000 0.000000 0.040081 0.000000 0.000000 0.000000 0.039582
 0.000000 0.022479 0.026402 0.023932 0.021338 0.023226 0.022790 0.024285
 0.019137 0.024015 0.022874 0.022313 0.019926 0.020134 0.012412 0.018909
 0.017767 0.016626 430.556954 920.412783 7.471198 9.131454 4.130635
 0.000000 0.830554 0.830565 0.826713 0.828460 0.830614 0.828481 0.831447
 0.828413 0.830977 0.830075 0.831843 0.830562 0.830976 0.830976 0.828363
 0.826732 0.831412 0.822005 0.831857 0.830990 0.831001 0.830547 0.828419
 0.830568 0.820738 0.000000 1.325083 1.510637 1.350791 1.246146 1.379365
 1.236155 1.427614 1.165518 1.418973 1.417715 1.278397 1.154328 1.100122
 0.666037 1.153860 0.979364 0.923183 1973.396491 16.004769 19.561442
 8.848012 0.000000 1.779148 1.779142 1.770904 1.774568 1.779135 1.774576
 1.781022 1.774626 1.780118 1.778312 1.781994 1.779200 1.780128 1.780128
 1.774661 1.770984 1.781087 1.760807 1.782043 1.780176 1.780200 1.779272
 1.774683 1.779284 1.758024 0.000000 2.901516 3.306671 2.913460 2.621271
 2.817711 2.887358 3.006887 2.264556 3.005093 2.793106 2.779164 2.439600
 2.578760 1.542796 2.282331 2.173472 2.100472 0.360351 0.000000 0.000000
 0.000000 0.040060 0.000000 0.000000 0.000000 0.000000 0.039956 0.040101
 0.000000 0.000000 0.000000 0.040122 0.000000 0.000000 0.040081 0.039956
 0.000000 0.000000 0.000000 0.000000 0.000000 0.000000 0.040060 0.039956
 0.040060 0.000000 0.000000 0.023496 0.026589 0.023891 0.021441 0.023268
 0.022790 0.024285 0.019158 0.023974 0.022915 0.022292 0.020113 0.020154
 0.012475 0.018992 0.017933 0.016584 0.440429 0.000000 0.000000 0.000000
 0.000000 0.000000 0.039956 0.000000 0.000000 0.000000 0.039956 0.040081
 0.040039 0.000000 0.040060 0.040081 0.000000 0.000000 0.039873 0.040101
 0.000000 0.040122 0.040081 0.040081 0.000000 0.000000 0.000000 0.000000
 0.000000 0.028685 0.032546 0.029225 0.026195 0.028519 0.027855 0.029640
 0.023413 0.029349 0.027980 0.027253 0.024596 0.024638 0.015256 0.023164
 0.021856 0.020258 0.199220 0.000000 0.000000 0.040060 0.039873 0.000000
 0.040060 0.000000 0.000000 0.000000 0.000000 0.000000 0.000000 0.000000
 0.000000 0.000000 0.000000 0.000000 0.000000 0.039645 0.000000 0.000000
 0.000000 0.000000 0.000000 0.000000 0.039582 0.000000 0.012558 0.014675
 0.013263 0.011893 0.012869 0.012661 0.013471 0.010648 0.013284 0.012724
 0.012392 0.011084 0.011146 0.006912 0.010523 0.009922 0.009195 0.000000
 0.000000 0.000000 0.000000 0.000000 0.000000 0.000000 0.000000 0.000000
 0.000000 0.000000 0.000000 0.000000 0.000000 0.000000 0.000000 0.000000
 0.000000 0.000000 0.000000 0.000000 0.000000 0.000000 0.000000 0.000000
 0.000000 0.000000 0.000000 0.000000 0.000000 0.000000 0.000000 0.000000
 0.000000 0.000000 0.000000 0.000000 0.000000 0.000000 0.000000 0.000000
 0.000000 0.000000 0.000000 0.040060 0.000000 0.000000 0.000000 0.000000
 0.000000 0.000000 0.000000 0.000000 0.000000 0.000000 0.000000 0.000000
 0.000000 0.000000 0.000000 0.000000 0.000000 0.000000 0.000000 0.000000
 0.000000 0.000000 0.000000 0.000000 0.000000 0.002615 0.002968 0.002657
 0.002387 0.002574 0.002532 0.002698 0.002138 0.002636 0.002553 0.002470
 0.002242 0.002221 0.001391 0.002117 0.002013 0.001847 0.040060 0.000000
 0.000000 0.000000 0.000000 0.000000 0.000000 0.000000 0.000000 0.000000
 0.000000 0.000000 0.000000 0.000000 0.000000 0.000000 0.000000 0.000000
 0.000000 0.000000 0.000000 0.000000 0.000000 0.000000 0.000000 0.002615
 0.002989 0.002657 0.002387 0.002574 0.002532 0.002678 0.002138 0.002657
 0.002553 0.002470 0.002242 0.002221 0.001391 0.002117 0.002013 0.001827
 0.039873 0.000000 0.000000 0.000000 0.000000 0.000000 0.000000 0.000000
 0.000000 0.000000 0.000000 0.000000 0.000000 0.000000 0.000000 0.000000
 0.000000 0.000000 0.000000 0.000000 0.000000 0.000000 0.000000 0.000000
 0.002532 0.002927 0.002678 0.002366 0.002574 0.002532 0.002698 0.002138
 0.002678 0.002532 0.002470 0.002221 0.002221 0.001391 0.002096 0.001972
 0.001847 0.039956 0.000000 0.000000 0.000000 0.000000 0.000000 0.000000
 0.000000 0.000000 0.000000 0.000000 0.000000 0.000000 0.000000 0.000000
 0.000000 0.000000 0.000000 0.000000 0.000000 0.000000 0.000000 0.000000
 0.002532 0.002968 0.002678 0.002366 0.002595 0.002532 0.002698 0.002138
 0.002678 0.002532 0.002470 0.002221 0.002221 0.001391 0.002117 0.001972
 0.001847 0.040060 0.000000 0.000000 0.000000 0.000000 0.000000 0.000000
 0.000000 0.000000 0.000000 0.000000 0.000000 0.000000 0.000000 0.000000
 0.000000 0.000000 0.000000 0.000000 0.000000 0.000000 0.000000 0.002636
 0.002947 0.002657 0.002387 0.002595 0.002532 0.002698 0.002138 0.002657
 0.002553 0.002470 0.002242 0.002221 0.001391 0.002117 0.001993 0.001827
 0.039956 0.000000 0.000000 0.000000 0.000000 0.000000 0.000000 0.000000
 0.000000 0.000000 0.000000 0.000000 0.000000 0.000000 0.000000 0.000000
 0.000000 0.000000 0.000000 0.000000 0.000000 0.002532 0.002927 0.002678
 0.002366 0.002595 0.002532 0.002698 0.002138 0.002678 0.002553 0.002470
 0.002221 0.002242 0.001391 0.002117 0.001972 0.001847 0.040101 0.000000
 0.000000 0.000000 0.000000 0.000000 0.000000 0.000000 0.000000 0.000000
 0.000000 0.000000 0.000000 0.000000 0.000000 0.000000 0.000000 0.000000
 0.000000 0.000000 0.002636 0.002968 0.002657 0.002387 0.002595 0.002532
 0.002698 0.002138 0.002657 0.002553 0.002470 0.002242 0.002242 0.001391
 0.002117 0.001993 0.001827 0.039956 0.000000 0.000000 0.000000 0.000000
 0.000000 0.000000 0.000000 0.000000 0.000000 0.000000 0.000000 0.000000
 0.000000 0.000000 0.000000 0.000000 0.000000 0.000000 0.002553 0.002947
 0.002678 0.002366 0.002595 0.002532 0.002698 0.002138 0.002678 0.002532
 0.002470 0.002221 0.002242 0.001391 0.002096 0.001972 0.001847 0.040081
 0.000000 0.000000 0.000000 0.000000 0.000000 0.000000 0.000000 0.000000
 0.000000 0.000000 0.000000 0.000000 0.000000 0.000000 0.000000 0.000000
 0.000000 0.002636 0.002968 0.002678 0.002387 0.002595 0.002532 0.002657
 0.002138 0.002678 0.002553 0.002470 0.002242 0.002242 0.001391 0.002096
 0.001993 0.001827 0.040039 0.000000 0.000000 0.000000 0.000000 0.000000
 0.000000 0.000000 0.000000 0.000000 0.000000 0.000000 0.000000 0.000000
 0.000000 0.000000 0.000000 0.002636 0.002968 0.002657 0.002387 0.002595
 0.002532 0.002698 0.002138 0.002657 0.002532 0.002470 0.002242 0.002242
 0.001391 0.002076 0.001993 0.001827 0.040122 0.000000 0.000000 0.000000
 0.000000 0.000000 0.000000 0.000000 0.000000 0.000000 0.000000 0.000000
 0.000000 0.000000 0.000000 0.000000 0.002636 0.002968 0.002657 0.002387
 0.002595 0.002532 0.002698 0.002138 0.002678 0.002532 0.002470 0.002242
 0.002242 0.001391 0.002117 0.001993 0.001847 0.040060 0.000000 0.000000
 0.000000 0.000000 0.000000 0.000000 0.000000 0.000000 0.000000 0.000000
 0.000000 0.000000 0.000000 0.000000 0.002636 0.002968 0.002636 0.002387
 0.002595 0.002532 0.002698 0.002138 0.002657 0.002532 0.002470 0.002242
 0.002242 0.001391 0.002117 0.001993 0.001827 0.040081 0.000000 0.000000
 0.000000 0.000000 0.000000 0.000000 0.000000 0.000000 0.000000 0.000000
 0.000000 0.000000 0.000000 0.002636 0.002947 0.002657 0.002387 0.002595
 0.002532 0.002698 0.002138 0.002657 0.002532 0.002470 0.002242 0.002242
 0.001391 0.002117 0.001993 0.001847 0.040081 0.000000 0.000000 0.000000
 0.000000 0.000000 0.000000 0.000000 0.000000 0.000000 0.000000 0.000000
 0.000000 0.002636 0.002947 0.002657 0.002387 0.002595 0.002532 0.002698
 0.002138 0.002657 0.002532 0.002470 0.002242 0.002242 0.001391 0.002117
 0.001993 0.001847 0.039956 0.000000 0.000000 0.000000 0.000000 0.000000
 0.000000 0.000000 0.000000 0.000000 0.000000 0.000000 0.002595 0.002947
 0.002657 0.002387 0.002595 0.002532 0.002698 0.002117 0.002657 0.002532
 0.002470 0.002242 0.002242 0.001370 0.002076 0.001993 0.001847 0.039873
 0.000000 0.000000 0.000000 0.000000 0.000000 0.000000 0.000000 0.000000
 0.000000 0.000000 0.002532 0.002947 0.002657 0.002366 0.002574 0.002532
 0.002698 0.002117 0.002678 0.002553 0.002470 0.002221 0.002242 0.001370
 0.002096 0.001972 0.001847 0.040101 0.000000 0.000000 0.000000 0.000000
 0.000000 0.000000 0.000000 0.000000 0.000000 0.002636 0.002947 0.002657
 0.002387 0.002595 0.002532 0.002698 0.002117 0.002657 0.002553 0.002491
 0.002242 0.002242 0.001391 0.002117 0.001993 0.001847 0.039645 0.000000
 0.000000 0.000000 0.000000 0.000000 0.000000 0.000000 0.000000 0.002408
 0.002906 0.002636 0.002366 0.002574 0.002532 0.002698 0.002117 0.002657
 0.002532 0.002491 0.002200 0.002242 0.001370 0.002096 0.001972 0.001847
 0.040122 0.000000 0.000000 0.000000 0.000000 0.000000 0.000000 0.000000
 0.002636 0.002968 0.002636 0.002387 0.002595 0.002532 0.002698 0.002117
 0.002678 0.002553 0.002491 0.002242 0.002242 0.001391 0.002117 0.001993
 0.001847 0.040081 0.000000 0.000000 0.000000 0.000000 0.000000 0.000000
 0.002636 0.002947 0.002636 0.002387 0.002595 0.002532 0.002698 0.002117
 0.002657 0.002553 0.002491 0.002242 0.002242 0.001391 0.002117 0.001993
 0.001847 0.040081 0.000000 0.000000 0.000000 0.000000 0.000000 0.002615
 0.002968 0.002657 0.002387 0.002595 0.002532 0.002698 0.002117 0.002678
 0.002553 0.002491 0.002242 0.002242 0.001370 0.002096 0.001993 0.001847
 0.040060 0.000000 0.000000 0.000000 0.000000 0.002636 0.002947 0.002636
 0.002387 0.002574 0.002532 0.002698 0.002117 0.002657 0.002553 0.002491
 0.002242 0.002242 0.001391 0.002117 0.001993 0.001847 0.039956 0.000000
 0.000000 0.000000 0.002574 0.002947 0.002657 0.002366 0.002574 0.002532
 0.002698 0.002117 0.002678 0.002553 0.002491 0.002221 0.002242 0.001370
 0.002096 0.001993 0.001847 0.040060 0.000000 0.000000 0.002636 0.002968
 0.002636 0.002387 0.002574 0.002532 0.002698 0.002117 0.002678 0.002553
 0.002491 0.002221 0.002242 0.001391 0.002117 0.001993 0.001827 0.039582
 0.000000 0.002366 0.002906 0.002636 0.002387 0.002553 0.002532 0.002698
 0.002117 0.002636 0.002553 0.002491 0.002179 0.002242 0.001370 0.002096
 0.001972 0.001847 0.000000 0.000000 0.000000 0.000000 0.000000 0.000000
 0.000000 0.000000 0.000000 0.000000 0.000000 0.000000 0.000000 0.000000
 0.000000 0.000000 0.000000 0.000000 0.064739 0.000000 0.000000 0.000000
 0.000000 0.000000 0.000000 0.000000 0.000000 0.000000 0.000000 0.000000
 0.000000 0.000000 0.000000 0.000000 0.000000 0.073810 0.000000 0.000000
 0.000000 0.000000 0.000000 0.000000 0.000000 0.000000 0.000000 0.000000
 0.000000 0.000000 0.000000 0.000000 0.000000 0.066379 0.000000 0.000000
 0.000000 0.000000 0.000000 0.000000 0.000000 0.000000 0.000000 0.000000
 0.000000 0.000000 0.000000 0.000000 0.059529 0.000000 0.000000 0.000000
 0.000000 0.000000 0.000000 0.000000 0.000000 0.000000 0.000000 0.000000
 0.000000 0.000000 0.064656 0.000000 0.000000 0.000000 0.000000 0.000000
 0.000000 0.000000 0.000000 0.000000 0.000000 0.000000 0.000000 0.063307
 0.000000 0.000000 0.000000 0.000000 0.000000 0.000000 0.000000 0.000000
 0.000000 0.000000 0.000000 0.067396 0.000000 0.000000 0.000000 0.000000
 0.000000 0.000000 0.000000 0.000000 0.000000 0.000000 0.053219 0.000000
 0.000000 0.000000 0.000000 0.000000 0.000000 0.000000 0.000000 0.000000
 0.066607 0.000000 0.000000 0.000000 0.000000 0.000000 0.000000 0.000000
 0.000000 0.063618 0.000000 0.000000 0.000000 0.000000 0.000000 0.000000
 0.000000 0.061937 0.000000 0.000000 0.000000 0.000000 0.000000 0.000000
 0.055793 0.000000 0.000000 0.000000 0.000000 0.000000 0.055938 0.000000
 0.000000 0.000000 0.000000 0.034642 0.000000 0.000000 0.000000 0.052680
 0.000000 0.000000 0.049711 0.000000 0.046038
1.000000 8.814146 2.469586 1.112998 0.556135 0.829306 0.879331 0.480102
 0.496439 0.399413 1.000000 0.196099 0.196099 0.195661 0.195856 0.196099
 0.195856 0.196197 0.195856 0.196148 0.196051 0.196245 0.196099 0.196148
 0.196148 0.195856 0.195661 0.196197 0.195123 0.196245 0.196148 0.196148
 0.196099 0.195856 0.196099 0.194976 1.000000 0.246065 0.261461 0.248943
 0.236613 0.245918 0.243514 0.250706 0.224471 0.249340 0.244072 0.241041
 0.229522 0.229803 0.182872 0.223393 0.217348 0.209567 289.401169 69.966106
 17748.940856 10.646831 183.359751 391.611582 9.329786 9.867205 7.506940
 1.000000 3.598854 3.601352 3.591614 3.595303 3.598973 3.600170 3.601077
 3.597895 3.602611 3.598827 3.603063 3.599906 3.600330 3.600330 3.596134
 3.596002 3.600256 3.584636 3.602397 3.599663 3.602581 3.597660 3.599328
 3.600283 3.580615 1.000000 4.458474 4.756478 4.657680 4.383272 4.563067
 4.458929 4.592585 4.257828 4.575456 4.439655 4.350173 4.254590 4.283506
 3.380993 4.096558 4.032848 3.825442 31.699425 4972.376327 3.897972
 51.614234 109.930002 3.398633 3.561119 2.770994 1.000000 1.343298 1.343499
 1.337179 1.339918 1.344039 1.340576 1.344675 1.339918 1.344822 1.344047
 1.344104 1.343831 1.343823 1.343823 1.342446 1.339938 1.343819 1.335555
 1.343992 1.343711 1.343144 1.343538 1.341477 1.343704 1.334611 1.000000
 1.696017 1.798300 1.728959 1.635318 1.739675 1.688117 1.739461 1.507780
 1.721906 1.691264 1.613549 1.477669 1.575513 1.116239 1.538675 1.494463
 1.520149 4481.728765 1119.894212 1669.113749 1771.991183 966.787177
 999.683391 804.303504 1.000000 394.887853 394.887446 394.004834 394.397180
 394.887243 394.396875 395.082804 394.396773 394.984886 394.789065
 395.181607 394.887243 394.985799 394.985799 394.397281 394.003918
 395.083514 392.920817 395.181201 394.985393 394.985292 394.887548
 394.397078 394.887447 392.625781 1.000000 495.491753 526.458246 501.270100
 476.465049 495.169519 490.319816 504.826039 451.980588 502.071961
 491.451292 485.425012 462.212273 462.774560 368.301431 449.929516
 437.731755 422.097161 0.849632 11.544069 24.707307 0.195856 0.366481
 0.461339 1.000000 1.000000 1.000000 0.195661 0.195856 1.000000 0.195856
 1.000000 0.195856 1.000000 1.000000 1.000000 1.000000 1.000000 1.000000
 1.000000 0.195661 1.000000 0.390246 1.000000 1.000000 0.196148 1.000000
 1.000000 1.000000 0.194976 1.000000 0.163674 0.177530 0.169208 0.160046
 0.166837 0.165335 0.170563 0.151675 0.169564 0.165574 0.163697 0.154691
 0.155601 0.122467 0.150812 0.146272 0.141577 34.476268 29.530204 9.966446
 10.307394 8.289762 1.000000 4.069092 4.069146 4.060145 4.064318 4.069383
 4.064430 4.071267 4.064090 4.070064 4.067833 4.072102 4.069125 4.070054
 4.070054 4.063833 4.060241 4.071095 4.049126 4.072173 4.070125 4.070170
 4.069055 4.064118 4.069159 4.046203 1.000000 5.036470 5.351232 5.065924
 4.953090 5.246387 4.754952 5.310588 4.915967 5.311852 5.439069 4.975154
 4.748677 4.519454 3.515916 4.893055 4.281970 4.202396 78.104081 21.329967
 22.056789 17.743649 1.000000 8.711011 8.710977 8.691784 8.700335 8.710946
 8.700379 8.715482 8.700621 8.713409 8.709268 8.717891 8.711264 8.713458
 8.713458 8.700789 8.692174 8.715799 8.668114 8.718123 8.713691 8.713805
 8.711614 8.700898 8.711670 8.661496 1.000000 11.028288 11.713445 10.926461
 10.418841 10.717106 11.106410 11.185336 9.551533 11.249409 10.715762
 10.815713 10.036029 10.593905 8.144206 9.678446 9.502839 9.561502 0.480102
 1.000000 1.000000 1.000000 0.196099 1.000000 1.000000 1.000000 1.000000
 0.195856 0.196197 1.000000 1.000000 1.000000 0.196245 1.000000 1.000000
 0.196148 0.195856 1.000000 1.000000 1.000000 1.000000 1.000000 1.000000
 0.196099 0.195856 0.196099 1.000000 1.000000 0.151473 0.160879 0.152708
 0.144850 0.150753 0.149235 0.153932 0.137081 0.152967 0.149633 0.147633
 0.140387 0.140528 0.110991 0.136497 0.132710 0.127708 0.496439 1.000000
 1.000000 1.000000 1.000000 1.000000 0.195856 1.000000 1.000000 1.000000
 0.195856 0.196148 0.196051 1.000000 0.196099 0.196148 1.000000 1.000000
 0.195661 0.196197 1.000000 0.196245 0.196148 0.196148 1.000000 1.000000
 1.000000 1.000000 1.000000 0.166920 0.177445 0.168437 0.159713 0.166451
 0.164557 0.169592 0.151212 0.168784 0.164914 0.162820 0.154891 0.155019
 0.122569 0.150424 0.146215 0.140882 0.399413 1.000000 1.000000 0.196099
 0.195661 1.000000 0.196099 1.000000 1.000000 1.000000 1.000000 1.000000
 1.000000 1.000000 1.000000 1.000000 1.000000 1.000000 1.000000 0.195123
 1.000000 1.000000 1.000000 1.000000 1.000000 1.000000 0.194976 1.000000
 0.111355 0.120247 0.114400 0.108406 0.112709 0.111808 0.115280 0.102638
 0.114488 0.112079 0.110625 0.104695 0.104985 0.082850 0.102043 0.099112
 0.095449 1.000000 1.000000 1.000000 1.000000 1.000000 1.000000 1.000000
 1.000000 1.000000 1.000000 1.000000 1.000000 1.000000 1.000000 1.000000
 1.000000 1.000000 1.000000 1.000000 1.000000 1.000000 1.000000 1.000000
 1.000000 1.000000 1.000000 1.000000 1.000000 1.000000 1.000000 1.000000
 1.000000 1.000000 1.000000 1.000000 1.000000 1.000000 1.000000 1.000000
 1.000000 1.000000 1.000000 1.000000 1.000000 0.196099 1.000000 1.000000
 1.000000 1.000000 1.000000 1.000000 1.000000 1.000000 1.000000 1.000000
 1.000000 1.000000 1.000000 1.000000 1.000000 1.000000 1.000000 1.000000
 1.000000 1.000000 1.000000 1.000000 1.000000 1.000000 1.000000 0.051073
 0.054400 0.051476 0.048798 0.050667 0.050258 0.051875 0.046188 0.051275
 0.050463 0.049638 0.047293 0.047074 0.037266 0.045964 0.044825 0.042941
 0.196099 1.000000 1.000000 1.000000 1.000000 1.000000 1.000000 1.000000
 1.000000 1.000000 1.000000 1.000000 1.000000 1.000000 1.000000 1.000000
 1.000000 1.000000 1.000000 1.000000 1.000000 1.000000 1.000000 1.000000
 1.000000 0.051073 0.054589 0.051476 0.048798 0.050667 0.050258 0.051676
 0.046188 0.051476 0.050463 0.049638 0.047293 0.047074 0.037266 0.045964
 0.044825 0.042699 0.195661 1.000000 1.000000 1.000000 1.000000 1.000000
 1.000000 1.000000 1.000000 1.000000 1.000000 1.000000 1.000000 1.000000
 1.000000 1.000000 1.000000 1.000000 1.000000 1.000000 1.000000 1.000000
 1.000000 1.000000 0.050258 0.054019 0.051676 0.048586 0.050667 0.050258
 0.051875 0.046188 0.051676 0.050258 0.049638 0.047074 0.047074 0.037266
 0.045738 0.044362 0.042941 0.195856 1.000000 1.000000 1.000000 1.000000
 1.000000 1.000000 1.000000 1.000000 1.000000 1.000000 1.000000 1.000000
 1.000000 1.000000 1.000000 1.000000 1.000000 1.000000 1.000000 1.000000
 1.000000 1.000000 0.050258 0.054400 0.051676 0.048586 0.050871 0.050258
 0.051875 0.046188 0.051676 0.050258 0.049638 0.047074 0.047074 0.037266
 0.045964 0.044362 0.042941 0.196099 1.000000 1.000000 1.000000 1.000000
 1.000000 1.000000 1.000000 1.000000 1.000000 1.000000 1.000000 1.000000
 1.000000 1.000000 1.000000 1.000000 1.000000 1.000000 1.000000 1.000000
 1.000000 0.051275 0.054210 0.051476 0.048798 0.050871 0.050258 0.051875
 0.046188 0.051476 0.050463 0.049638 0.047293 0.047074 0.037266 0.045964
 0.044594 0.042699 0.195856 1.000000 1.000000 1.000000 1.000000 1.000000
 1.000000 1.000000 1.000000 1.000000 1.000000 1.000000 1.000000 1.000000
 1.000000 1.000000 1.000000 1.000000 1.000000 1.000000 1.000000 0.050258
 0.054019 0.051676 0.048586 0.050871 0.050258 0.051875 0.046188 0.051676
 0.050463 0.049638 0.047074 0.047293 0.037266 0.045964 0.044362 0.042941
 0.196197 1.000000 1.000000 1.000000 1.000000 1.000000 1.000000 1.000000
 1.000000 1.000000 1.000000 1.000000 1.000000 1.000000 1.000000 1.000000
 1.000000 1.000000 1.000000 1.000000 0.051275 0.054400 0.051476 0.048798
 0.050871 0.050258 0.051875 0.046188 0.051476 0.050463 0.049638 0.047293
 0.047293 0.037266 0.045964 0.044594 0.042699 0.195856 1.000000 1.000000
 1.000000 1.000000 1.000000 1.000000 1.000000 1.000000 1.000000 1.000000
 1.000000 1.000000 1.000000 1.000000 1.000000 1.000000 1.000000 1.000000
 0.050463 0.054210 0.051676 0.048586 0.050871 0.050258 0.051875 0.046188
 0.051676 0.050258 0.049638 0.047074 0.047293 0.037266 0.045738 0.044362
 0.042941 0.196148 1.000000 1.000000 1.000000 1.000000 1.000000 1.000000
 1.000000 1.000000 1.000000 1.000000 1.000000 1.000000 1.000000 1.000000
 1.000000 1.000000 1.000000 0.051275 0.054400 0.051676 0.048798 0.050871
 0.050258 0.051476 0.046188 0.051676 0.050463 0.049638 0.047293 0.047293
 0.037266 0.045738 0.044594 0.042699 0.196051 1.000000 1.000000 1.000000
 1.000000 1.000000 1.000000 1.000000 1.000000 1.000000 1.000000 1.000000
 1.000000 1.000000 1.000000 1.000000 1.000000 0.051275 0.054400 0.051476
 0.048798 0.050871 0.050258 0.051875 0.046188 0.051476 0.050258 0.049638
 0.047293 0.047293 0.037266 0.045512 0.044594 0.042699 0.196245 1.000000
 1.000000 1.000000 1.000000 1.000000 1.000000 1.000000 1.000000 1.000000
 1.000000 1.000000 1.000000 1.000000 1.000000 1.000000 0.051275 0.054400
 0.051476 0.048798 0.050871 0.050258 0.051875 0.046188 0.051676 0.050258
 0.049638 0.047293 0.047293 0.037266 0.045964 0.044594 0.042941 0.196099
 1.000000 1.000000 1.000000 1.000000 1.000000 1.000000 1.000000 1.000000
 1.000000 1.000000 1.000000 1.000000 1.000000 1.000000 0.051275 0.054400
 0.051275 0.048798 0.050871 0.050258 0.051875 0.046188 0.051476 0.050258
 0.049638 0.047293 0.047293 0.037266 0.045964 0.044594 0.042699 0.196148
 1.000000 1.000000 1.000000 1.000000 1.000000 1.000000 1.000000 1.000000
 1.000000 1.000000 1.000000 1.000000 1.000000 0.051275 0.054210 0.051476
 0.048798 0.050871 0.050258 0.051875 0.046188 0.051476 0.050258 0.049638
 0.047293 0.047293 0.037266 0.045964 0.044594 0.042941 0.196148 1.000000
 1.000000 1.000000 1.000000 1.000000 1.000000 1.000000 1.000000 1.000000
 1.000000 1.000000 1.000000 0.051275 0.054210 0.051476 0.048798 0.050871
 0.050258 0.051875 0.046188 0.051476 0.050258 0.049638 0.047293 0.047293
 0.037266 0.045964 0.044594 0.042941 0.195856 1.000000 1.000000 1.000000
 1.000000 1.000000 1.000000 1.000000 1.000000 1.000000 1.000000 1.000000
 0.050871 0.054210 0.051476 0.048798 0.050871 0.050258 0.051875 0.045964
 0.051476 0.050258 0.049638 0.047293 0.047293 0.036987 0.045512 0.044594
 0.042941 0.195661 1.000000 1.000000 1.000000 1.000000 1.000000 1.000000
 1.000000 1.000000 1.000000 1.000000 0.050258 0.054210 0.051476 0.048586
 0.050667 0.050258 0.051875 0.045964 0.051676 0.050463 0.049638 0.047074
 0.047293 0.036987 0.045738 0.044362 0.042941 0.196197 1.000000 1.000000
 1.000000 1.000000 1.000000 1.000000 1.000000 1.000000 1.000000 0.051275
 0.054210 0.051476 0.048798 0.050871 0.050258 0.051875 0.045964 0.051476
 0.050463 0.049845 0.047293 0.047293 0.037266 0.045964 0.044594 0.042941
 0.195123 1.000000 1.000000 1.000000 1.000000 1.000000 1.000000 1.000000
 1.000000 0.049010 0.053828 0.051275 0.048586 0.050667 0.050258 0.051875
 0.045964 0.051476 0.050258 0.049845 0.046854 0.047293 0.036987 0.045738
 0.044362 0.042941 0.196245 1.000000 1.000000 1.000000 1.000000 1.000000
 1.000000 1.000000 0.051275 0.054400 0.051275 0.048798 0.050871 0.050258
 0.051875 0.045964 0.051676 0.050463 0.049845 0.047293 0.047293 0.037266
 0.045964 0.044594 0.042941 0.196148 1.000000 1.000000 1.000000 1.000000
 1.000000 1.000000 0.051275 0.054210 0.051275 0.048798 0.050871 0.050258
 0.051875 0.045964 0.051476 0.050463 0.049845 0.047293 0.047293 0.037266
 0.045964 0.044594 0.042941 0.196148 1.000000 1.000000 1.000000 1.000000
 1.000000 0.051073 0.054400 0.051476 0.048798 0.050871 0.050258 0.051875
 0.045964 0.051676 0.050463 0.049845 0.047293 0.047293 0.036987 0.045738
 0.044594 0.042941 0.196099 1.000000 1.000000 1.000000 1.000000 0.051275
 0.054210 0.051275 0.048798 0.050667 0.050258 0.051875 0.045964 0.051476
 0.050463 0.049845 0.047293 0.047293 0.037266 0.045964 0.044594 0.042941
 0.195856 1.000000 1.000000 1.000000 0.050667 0.054210 0.051476 0.048586
 0.050667 0.050258 0.051875 0.045964 0.051676 0.050463 0.049845 0.047074
 0.047293 0.036987 0.045738 0.044594 0.042941 0.196099 1.000000 1.000000
 0.051275 0.054400 0.051275 0.048798 0.050667 0.050258 0.051875 0.045964
 0.051676 0.050463 0.049845 0.047074 0.047293 0.037266 0.045964 0.044594
 0.042699 0.194976 1.000000 0.048586 0.053828 0.051275 0.048798 0.050463
 0.050258 0.051875 0.045964 0.051275 0.050463 0.049845 0.046633 0.047293
 0.036987 0.045738 0.044362 0.042941 1.000000 1.000000 1.000000 1.000000
 1.000000 1.000000 1.000000 1.000000 1.000000 1.000000 1.000000 1.000000
 1.000000 1.000000 1.000000 1.000000 1.000000 1.000000 0.246065 1.000000
 1.000000 1.000000 1.000000 1.000000 1.000000 1.000000 1.000000 1.000000
 1.000000 1.000000 1.000000 1.000000 1.000000 1.000000 1.000000 0.261461
 1.000000 1.000000 1.000000 1.000000 1.000000 1.000000 1.000000 1.000000
 1.000000 1.000000 1.000000 1.000000 1.000000 1.000000 1.000000 0.248943
 1.000000 1.000000 1.000000 1.000000 1.000000 1.000000 1.000000 1.000000
 1.000000 1.000000 1.000000 1.000000 1.000000 1.000000 0.236613 1.000000
 1.000000 1.000000 1.000000 1.000000 1.000000 1.000000 1.000000 1.000000
 1.000000 1.000000 1.000000 1.000000 0.245918 1.000000 1.000000 1.000000
 1.000000 1.000000 1.000000 1.000000 1.000000 1.000000 1.000000 1.000000
 1.000000 0.243514 1.000000 1.000000 1.000000 1.000000 1.000000 1.000000
 1.000000 1.000000 1.000000 1.000000 1.000000 0.250706 1.000000 1.000000
 1.000000 1.000000 1.000000 1.000000 1.000000 1.000000 1.000000 1.000000
 0.224471 1.000000 1.000000 1.000000 1.000000 1.000000 1.000000 1.000000
 1.000000 1.000000 0.249340 1.000000 1.000000 1.000000 1.000000 1.000000
 1.000000 1.000000 1.000000 0.244072 1.000000 1.000000 1.000000 1.000000
 1.000000 1.000000 1.000000 0.241041 1.000000 1.000000 1.000000 1.000000
 1.000000 1.000000 0.229522 1.000000 1.000000 1.000000 1.000000 1.000000
 0.229803 1.000000 1.000000 1.000000 1.000000 0.182872 1.000000 1.000000
 1.000000 0.223393 1.000000 1.000000 0.217348 1.000000 0.209567