[ 0.000000 -0.446060 -2.880500 0.008695 0.640720 -0.009949 -0.014975
  0.036741 -0.050234 0.018273 0.000000 -0.132619 -0.461996 0.557193
  0.474262 -0.108837 0.237929 -0.118621 0.366807 -0.444351 -0.152443
  0.000655 -0.220077 -0.016774 -0.021003 0.205288 0.157217 -0.039945
  -0.078548 -0.267250 -0.035569 0.052641 -0.123346 0.318071 -0.275393
  0.131012 0.000000 -0.014685 0.002782 -0.011446 0.020656 -0.006099
  -0.020600 -0.009882 0.020566 -0.001697 -0.010052 0.018293 -0.008032
  0.003421 0.008318 -0.018559 0.041017 -0.007349 0.515126 2.776803
  -0.451701 -0.568913 -0.441988 -0.443477 -0.214623 -0.131750 -0.083821
  0.000000 0.039431 0.354165 -0.413978 -0.356148 0.022422 -0.259093
  0.021409 -0.353083 0.421544 0.015932 0.031120 0.110690 -0.035775
  -0.005930 -0.300543 -0.181416 -0.025071 0.042766 0.127892 -0.062197
  -0.024719 0.017598 -0.311532 0.210927 -0.182052 0.000000 -0.060780
  -0.065808 -0.067075 -0.096935 -0.086700 -0.003690 -0.064254 -0.124547
  0.005799 -0.011383 -0.092411 -0.022277 -0.005721 -0.151057 0.024610
  -0.053195 -0.053102 16.405572 -2.886912 -5.927755 -2.844105 -2.874959
  -1.207676 -0.421159 -0.544715 0.000000 0.854950 4.495629 -4.290471
  -3.796048 0.297889 -1.998145 0.835710 -3.189155 4.505334 0.455821
  -0.076608 1.521542 -0.316462 -0.231008 -2.500953 -1.794671 0.079533
  0.277103 2.381124 -0.185924 -0.806803 0.601030 -2.997930 2.446188
  -1.935101 0.000000 -0.174142 -0.280183 -0.229070 -0.518077 -0.038922
  -0.200388 -0.115921 -0.452618 -0.249615 -0.113777 -0.472696 -0.251020
  -0.398044 -0.184319 -0.176290 -0.352342 -0.259530 0.006033 0.641702
  -0.002103 -0.016885 0.038848 -0.049433 0.014758 0.000000 -0.135242
  -0.463219 0.556506 0.478769 -0.108342 0.241760 -0.118424 0.371825
  -0.443429 -0.152151 0.005863 -0.225806 -0.018078 -0.017629 0.202329
  0.154670 -0.041029 -0.081645 -0.267670 -0.034691 0.054140 -0.125801
  0.320843 -0.277581 0.128331 0.000000 -0.012241 0.006294 -0.009999
  0.020822 -0.010405 -0.025106 -0.014280 0.025266 0.002457 -0.007161
  0.018462 -0.003129 0.006305 0.002525 -0.016509 0.032656 -0.011466
  0.383311 0.639497 0.639848 0.237929 0.561597 0.225240 0.000000 0.000000
  0.000000 0.557193 0.474262 0.000000 0.237929 0.000000 0.366807 0.000000
  0.000000 0.000000 0.000000 0.000000 0.000000 0.000000 0.157217 0.000000
  -0.078548 0.000000 0.000000 0.052641 0.000000 0.000000 0.000000 0.131012
  0.000000 0.127432 0.146128 0.156478 0.178917 0.105370 0.106417 0.115828
  0.136073 0.120747 0.141167 0.152045 0.131191 0.130493 0.098682 0.115351
  0.171251 0.105800 -0.009954 -0.021321 0.035282 -0.050187 0.018988
  0.000000 -0.131490 -0.461948 0.556913 0.471947 -0.108094 0.238446
  -0.117798 0.366239 -0.443100 -0.152059 -0.004521 -0.218730 -0.016684
  -0.021540 0.205482 0.158271 -0.039756 -0.078947 -0.266829 -0.035584
  0.050786 -0.123338 0.316543 -0.274367 0.132355 0.000000 -0.014685
  0.002782 -0.011446 0.020656 -0.006099 -0.020600 -0.009882 0.020566
  -0.001697 -0.010052 0.018293 -0.008032 0.003421 0.008318 -0.018559
  0.041017 -0.007349 -0.014903 0.036495 -0.050227 0.017822 0.000000
  -0.132532 -0.461954 0.556947 0.473980 -0.108672 0.236780 -0.118084
  0.366244 -0.444048 -0.152372 -0.000620 -0.220274 -0.017000 -0.020996
  0.205854 0.157193 -0.040253 -0.078761 -0.267502 -0.035151 0.053701
  -0.123104 0.318355 -0.275294 0.130322 0.000000 -0.014685 0.002782
  -0.011446 0.020656 -0.006099 -0.020600 -0.009882 0.020566 -0.001697
  -0.010052 0.018293 -0.008032 0.003421 0.008318 -0.018559 0.041017
  -0.007349 0.036741 0.000000 0.000000 0.000000 -0.132619 0.000000 0.000000
  0.000000 0.000000 0.237929 -0.118621 0.000000 0.000000 0.000000 0.000655
  0.000000 0.000000 -0.021003 0.205288 0.000000 0.000000 0.000000 0.000000
  0.000000 0.000000 -0.123346 0.318071 -0.275393 0.000000 0.000000
  -0.011071 0.001791 -0.010931 0.031752 0.007448 0.007108 -0.007709
  0.030217 -0.000417 -0.002852 -0.001095 -0.008331 0.014335 0.013036
  -0.020104 0.071286 0.020385 -0.050234 0.000000 0.000000 0.000000 0.000000
  0.000000 0.474262 0.000000 0.000000 0.000000 0.366807 -0.444351 -0.152443
  0.000000 -0.220077 -0.016774 0.000000 0.000000 0.157217 -0.039945
  0.000000 -0.267250 -0.035569 0.052641 0.000000 0.000000 0.000000 0.000000
  0.000000 -0.018584 -0.001600 -0.015497 -0.029598 -0.006200 -0.007231
  0.003800 -0.009458 -0.004024 -0.013073 0.009923 -0.003057 -0.018354
  -0.006377 -0.017879 0.000470 -0.023186 0.018273 0.000000 0.000000
  -0.461996 0.557193 0.000000 -0.108837 0.000000 0.000000 0.000000 0.000000
  0.000000 0.000000 0.000000 0.000000 0.000000 0.000000 0.000000 0.000000
  -0.078548 0.000000 0.000000 0.000000 0.000000 0.000000 0.000000 0.131012
  0.000000 0.010465 0.006013 0.012500 0.046265 -0.014113 -0.043713
  -0.016786 0.018554 0.002796 0.001153 0.026715 -0.001915 0.015401 0.010330
  0.012620 -0.006196 -0.009188 0.000000 0.000000 0.000000 0.000000 0.000000
  0.000000 0.000000 0.000000 0.000000 0.000000 0.000000 0.000000 0.000000
  0.000000 0.000000 0.000000 0.000000 0.000000 0.000000 0.000000 0.000000
  0.000000 0.000000 0.000000 0.000000 0.000000 0.000000 0.000000 0.000000
  0.000000 0.000000 0.000000 0.000000 0.000000 0.000000 0.000000 0.000000
  0.000000 0.000000 0.000000 0.000000 0.000000 0.000000 0.000000 -0.132619
  0.000000 0.000000 0.000000 0.000000 0.000000 0.000000 0.000000 0.000000
  0.000000 0.000000 0.000000 0.000000 0.000000 0.000000 0.000000 0.000000
  0.000000 0.000000 0.000000 0.000000 0.000000 0.000000 0.000000 0.000000
  0.000000 -0.048016 -0.067123 -0.046373 0.016752 -0.037829 0.004192
  0.021366 -0.009390 -0.047658 -0.044804 -0.054696 -0.029778 -0.013240
  -0.034811 -0.012572 -0.091432 -0.043711 -0.461996 0.000000 0.000000
  0.000000 0.000000 0.000000 0.000000 0.000000 0.000000 0.000000 0.000000
  0.000000 0.000000 0.000000 0.000000 0.000000 0.000000 0.000000 0.000000
  0.000000 0.000000 0.000000 0.000000 0.000000 0.000000 -0.073296 -0.093011
  -0.092495 -0.110805 -0.109478 -0.129725 -0.150771 -0.133043 -0.111365
  -0.149875 -0.060360 -0.079060 -0.151847 -0.082550 -0.100447 -0.132316
  -0.112457 0.557193 0.000000 0.000000 0.000000 0.000000 0.000000 0.000000
  0.000000 0.000000 0.000000 0.000000 0.000000 0.000000 0.000000 0.000000
  0.000000 0.000000 0.000000 0.000000 0.000000 0.000000 0.000000 0.000000
  0.000000 0.145178 0.158895 0.121218 0.143094 0.119995 0.107168 0.084293
  0.145572 0.141559 0.159211 0.156517 0.114613 0.150561 0.090659 0.130405
  0.155044 0.129772 0.474262 0.000000 0.000000 0.000000 0.000000 0.000000
  0.000000 0.000000 0.000000 0.000000 0.000000 0.000000 0.000000 0.000000
  0.000000 0.000000 0.000000 0.000000 0.000000 0.000000 0.000000 0.000000
  0.000000 0.090829 0.124335 0.138956 0.153098 0.072315 0.096888 0.106808
  0.102244 0.104536 0.091231 0.134548 0.119456 0.138266 0.062377 0.095091
  0.202257 0.085286 -0.108837 0.000000 0.000000 0.000000 0.000000 0.000000
  0.000000 0.000000 0.000000 0.000000 0.000000 0.000000 0.000000 0.000000
  0.000000 0.000000 0.000000 0.000000 0.000000 0.000000 0.000000 0.000000
  -0.039976 -0.019374 -0.046544 -0.026207 -0.000741 -0.033986 -0.001299
  -0.013044 -0.032013 -0.031559 -0.025564 -0.021689 0.001010 -0.012514
  -0.033625 -0.068685 -0.037237 0.237929 0.000000 0.000000 0.000000
  0.000000 0.000000 0.000000 0.000000 0.000000 0.000000 0.000000 0.000000
  0.000000 0.000000 0.000000 0.000000 0.000000 0.000000 0.000000 0.000000
  0.000000 0.059488 0.086293 0.074000 0.065641 0.036285 0.056699 0.053471
  0.083367 0.024615 0.068597 0.060525 0.079719 0.003547 0.037429 0.061791
  0.066985 0.040770 -0.118621 0.000000 0.000000 0.000000 0.000000 0.000000
  0.000000 0.000000 0.000000 0.000000 0.000000 0.000000 0.000000 0.000000
  0.000000 0.000000 0.000000 0.000000 0.000000 0.000000 -0.022426 -0.035967
  -0.024390 -0.034415 -0.010311 -0.047879 -0.017951 -0.028953 -0.019258
  -0.037394 -0.019298 -0.036785 0.010279 -0.025097 -0.020667 -0.093220
  -0.021085 0.366807 0.000000 0.000000 0.000000 0.000000 0.000000 0.000000
  0.000000 0.000000 0.000000 0.000000 0.000000 0.000000 0.000000 0.000000
  0.000000 0.000000 0.000000 0.000000 0.125978 0.115940 0.105257 0.135553
  0.109563 -0.010664 0.045629 0.073469 0.088131 0.039888 0.123929 0.101600
  0.091166 0.042805 0.078718 0.110346 0.104335 -0.444351 0.000000 0.000000
  0.000000 0.000000 0.000000 0.000000 0.000000 0.000000 0.000000 0.000000
  0.000000 0.000000 0.000000 0.000000 0.000000 0.000000 0.000000 -0.090821
  -0.095436 -0.104448 -0.136652 -0.088950 -0.087945 -0.082258 -0.099370
  -0.089605 -0.146691 -0.093006 -0.110595 -0.104538 -0.106646 -0.078242
  -0.153165 -0.146803 -0.152443 0.000000 0.000000 0.000000 0.000000
  0.000000 0.000000 0.000000 0.000000 0.000000 0.000000 0.000000 0.000000
  0.000000 0.000000 0.000000 0.000000 -0.008805 -0.074270 -0.026250
  -0.134417 -0.007964 0.006145 -0.020709 -0.037491 -0.026222 -0.009737
  -0.058689 -0.040248 -0.088725 -0.023690 -0.038225 -0.029467 0.004838
  0.000655 0.000000 0.000000 0.000000 0.000000 0.000000 0.000000 0.000000
  0.000000 0.000000 0.000000 0.000000 0.000000 0.000000 0.000000 0.000000
  -0.009107 -0.056781 -0.034372 -0.029406 -0.019978 -0.026526 -0.047693
  -0.050888 0.034746 -0.019921 -0.030730 -0.024523 -0.008409 -0.014101
  -0.022126 0.450666 -0.051315 -0.220077 0.000000 0.000000 0.000000
  0.000000 0.000000 0.000000 0.000000 0.000000 0.000000 0.000000 0.000000
  0.000000 0.000000 0.000000 -0.076506 -0.058028 -0.053974 -0.033847
  -0.084249 -0.049129 -0.033783 -0.062259 -0.033052 -0.049273 -0.019913
  -0.067295 -0.057675 -0.062903 -0.014008 -0.034265 -0.109668 -0.016774
  0.000000 0.000000 0.000000 0.000000 0.000000 0.000000 0.000000 0.000000
  0.000000 0.000000 0.000000 0.000000 0.000000 0.002537 -0.020647 -0.013737
  -0.005879 -0.017934 -0.026032 -0.016687 0.032551 -0.028427 0.009709
  -0.010907 -0.007682 0.028819 0.006605 -0.003327 0.004546 0.011574
  -0.021003 0.000000 0.000000 0.000000 0.000000 0.000000 0.000000 0.000000
  0.000000 0.000000 0.000000 0.000000 0.000000 0.014191 -0.008770 -0.005756
  -0.009863 -0.031233 0.001876 -0.019475 0.014428 -0.012181 -0.026456
  0.017435 -0.014964 -0.014487 0.001951 0.010091 0.001406 0.003003 0.205288
  0.000000 0.000000 0.000000 0.000000 0.000000 0.000000 0.000000 0.000000
  0.000000 0.000000 0.000000 0.015824 0.068867 0.060169 0.045791 0.113169
  0.069497 0.059822 0.058307 0.048374 0.073532 0.012893 0.051685 0.060300
  0.055726 -0.015491 -0.053349 0.097926 0.157217 0.000000 0.000000 0.000000
  0.000000 0.000000 0.000000 0.000000 0.000000 0.000000 0.000000 0.019918
  0.045700 0.006508 0.053069 0.053344 0.027186 0.049763 0.020229 0.072239
  0.086786 0.055963 0.022908 0.018731 0.044818 0.001961 0.040406 0.009186
  -0.039945 0.000000 0.000000 0.000000 0.000000 0.000000 0.000000 0.000000
  0.000000 0.000000 -0.040801 -0.006137 -0.018895 0.004018 -0.014329
  -0.020684 -0.001374 -0.036054 -0.020944 0.044953 -0.030875 0.005593
  -0.030666 0.017757 -0.030506 0.028253 -0.002885 -0.078548 0.000000
  0.000000 0.000000 0.000000 0.000000 0.000000 0.000000 0.000000 -0.023642
  -0.030483 0.004618 -0.013225 -0.021363 -0.010527 0.001152 -0.016189
  -0.053672 -0.005381 -0.031836 -0.019483 -0.016225 -0.008299 -0.038953
  -0.004078 -0.029240 -0.267250 0.000000 0.000000 0.000000 0.000000
  0.000000 0.000000 0.000000 -0.072344 -0.033413 -0.064501 -0.068741
  -0.059768 -0.079482 -0.039121 -0.023044 -0.080098 -0.128024 -0.068822
  -0.058084 -0.075826 -0.050677 -0.042548 -0.091033 -0.043482 -0.035569
  0.000000 0.000000 0.000000 0.000000 0.000000 0.000000 -0.009112 -0.012843
  -0.037766 -0.016176 0.000852 -0.003995 -0.006307 0.002153 -0.011300
  0.020190 -0.012171 -0.004256 0.010763 0.021503 -0.045778 -0.034549
  0.000075 0.052641 0.000000 0.000000 0.000000 0.000000 0.000000 0.002832
  0.010008 0.016989 -0.045413 0.017048 0.124038 0.009827 -0.003588 0.011133
  -0.001421 0.012907 0.029721 0.010165 0.027617 0.018076 -0.039950 0.010060
  -0.123346 0.000000 0.000000 0.000000 0.000000 -0.024440 -0.018185
  -0.066581 0.003869 -0.019578 -0.032729 -0.040976 0.023370 -0.031527
  -0.048307 -0.026825 -0.040916 0.002313 -0.003512 -0.068791 -0.066394
  -0.036303 0.318071 0.000000 0.000000 0.000000 0.058763 0.078564 0.093195
  0.084739 0.049692 0.056166 0.065367 0.062405 0.081510 0.098308 0.097559
  0.056665 0.093110 0.068252 0.036700 0.119346 0.091135 -0.275393 0.000000
  0.000000 -0.075170 -0.040577 -0.083194 -0.048203 -0.058409 -0.060189
  -0.096807 -0.062568 -0.080283 -0.071900 -0.060165 -0.065504 -0.090879
  -0.046083 -0.028611 -0.121041 -0.020025 0.131012 0.000000 0.016896
  -0.001707 0.040690 0.110484 -0.019885 -0.030177 0.028744 0.058139
  0.061397 0.030790 0.020827 0.001755 0.050687 0.035876 0.071434 0.037935
  0.027897 0.000000 0.000000 0.000000 0.000000 0.000000 0.000000 0.000000
  0.000000 0.000000 0.000000 0.000000 0.000000 0.000000 0.000000 0.000000
  0.000000 0.000000 0.000000 -0.014685 0.000000 0.000000 0.000000 0.000000
  0.000000 0.000000 0.000000 0.000000 0.000000 0.000000 0.000000 0.000000
  0.000000 0.000000 0.000000 0.000000 0.002782 0.000000 0.000000 0.000000
  0.000000 0.000000 0.000000 0.000000 0.000000 0.000000 0.000000 0.000000
  0.000000 0.000000 0.000000 0.000000 -0.011446 0.000000 0.000000 0.000000
  0.000000 0.000000 0.000000 0.000000 0.000000 0.000000 0.000000 0.000000
  0.000000 0.000000 0.000000 0.020656 0.000000 0.000000 0.000000 0.000000
  0.000000 0.000000 0.000000 0.000000 0.000000 0.000000 0.000000 0.000000
  0.000000 -0.006099 0.000000 0.000000 0.000000 0.000000 0.000000 0.000000
  0.000000 0.000000 0.000000 0.000000 0.000000 0.000000 -0.020600 0.000000
  0.000000 0.000000 0.000000 0.000000 0.000000 0.000000 0.000000 0.000000
  0.000000 0.000000 -0.009882 0.000000 0.000000 0.000000 0.000000 0.000000
  0.000000 0.000000 0.000000 0.000000 0.000000 0.020566 0.000000 0.000000
  0.000000 0.000000 0.000000 0.000000 0.000000 0.000000 0.000000 -0.001697
  0.000000 0.000000 0.000000 0.000000 0.000000 0.000000 0.000000 0.000000
  -0.010052 0.000000 0.000000 0.000000 0.000000 0.000000 0.000000 0.000000
  0.018293 0.000000 0.000000 0.000000 0.000000 0.000000 0.000000 -0.008032
  0.000000 0.000000 0.000000 0.000000 0.000000 0.003421 0.000000 0.000000
  0.000000 0.000000 0.008318 0.000000 0.000000 0.000000 -0.018559 0.000000
  0.000000 0.041017 0.000000 -0.007349 ]
[ 0.000000 0.344139 2.150235 -0.019376 -0.504708 0.012683 0.000817
  -0.018607 0.042063 -0.029914 0.000000 0.105378 0.376237 -0.440289
  -0.364242 0.082577 -0.173547 0.096321 -0.284898 0.353604 0.094063
  -0.004991 0.188151 -0.001757 -0.003500 -0.162374 -0.107686 0.022929
  0.049608 0.214557 0.022325 -0.031842 0.096804 -0.240539 0.240134
  -0.130548 0.000000 0.012410 -0.009815 0.012903 -0.021436 0.010720
  0.012924 0.005687 -0.014224 -0.000847 0.012412 -0.004735 0.005342
  -0.012122 -0.008681 0.013896 -0.021597 0.001986 -0.414395 -2.140787
  0.348618 0.466476 0.338864 0.343135 0.154746 0.101108 0.078846 0.000000
  -0.056045 -0.257461 0.368483 0.270356 -0.079611 0.209817 -0.027331
  0.283082 -0.342156 0.015695 -0.041888 -0.099287 0.022731 -0.037177
  0.275519 0.135872 0.045307 -0.026046 -0.101625 0.042648 0.005486
  -0.011044 0.262100 -0.172539 0.160735 0.000000 0.023548 0.066099 0.045427
  0.056140 0.061295 0.007422 0.048559 0.083405 0.001217 0.011999 0.059248
  0.022339 0.011115 0.167318 -0.027097 0.028436 0.061880 -12.331705
  2.157142 4.622433 2.120423 2.150752 0.862198 0.325483 0.440569 0.000000
  -0.662265 -3.653337 3.283810 2.948978 -0.139198 1.493702 -0.687742
  2.506619 -3.579234 -0.126601 0.079648 -1.335665 0.364132 0.329565
  1.969307 1.325556 -0.046037 -0.130032 -1.946926 0.188705 0.585930
  -0.467478 2.304823 -2.169473 1.572575 0.000000 0.122824 0.252635 0.149977
  0.452619 -0.030274 0.179827 0.088963 0.343237 0.206275 0.054920 0.326428
  0.182401 0.364537 0.108464 0.117818 0.177588 0.222686 -0.016998 -0.503442
  0.006731 0.000951 -0.020368 0.040078 -0.025357 0.000000 0.107520 0.377440
  -0.439565 -0.367096 0.083600 -0.175582 0.098303 -0.288109 0.351660
  0.094195 -0.008845 0.190882 -0.002329 -0.009048 -0.159994 -0.104883
  0.022509 0.052259 0.215689 0.020314 -0.032653 0.097486 -0.242498 0.242033
  -0.126830 0.000000 0.008445 -0.013030 0.011875 -0.021314 0.014869
  0.017315 0.009724 -0.015761 -0.005643 0.011449 -0.005689 0.000921
  -0.014901 -0.003530 0.010641 -0.015165 0.006650 -0.307576 -0.503475
  -0.504259 -0.173547 -0.421450 -0.199943 0.000000 0.000000 0.000000
  -0.440289 -0.364242 0.000000 -0.173547 0.000000 -0.284898 0.000000
  0.000000 0.000000 0.000000 0.000000 0.000000 0.000000 -0.107686 0.000000
  0.049608 0.000000 0.000000 -0.031842 0.000000 0.000000 0.000000 -0.130548
  0.000000 -0.094632 -0.126125 -0.120707 -0.148512 -0.082404 -0.091749
  -0.082737 -0.098577 -0.101411 -0.108923 -0.115417 -0.106360 -0.104232
  -0.074417 -0.089187 -0.130022 -0.086549 0.012698 0.016236 -0.017579
  0.042059 -0.029892 0.000000 0.104068 0.376567 -0.438947 -0.362233
  0.081190 -0.173987 0.095361 -0.284529 0.352784 0.093427 -0.000742
  0.187059 -0.001425 -0.002936 -0.162567 -0.108817 0.022483 0.049196
  0.215005 0.021838 -0.030292 0.096937 -0.239190 0.239245 -0.130372
  0.000000 0.012410 -0.009815 0.012903 -0.021436 0.010720 0.012924 0.005687
  -0.014224 -0.000847 0.012412 -0.004735 0.005342 -0.012122 -0.008681
  0.013896 -0.021597 0.001986 0.000698 -0.018428 0.042120 -0.030164
  0.000000 0.105333 0.375936 -0.440933 -0.364040 0.082685 -0.172641
  0.096147 -0.284434 0.353459 0.094103 -0.003922 0.188257 -0.001594
  -0.003794 -0.162923 -0.107583 0.023217 0.050195 0.214406 0.022223
  -0.032651 0.096507 -0.240777 0.240195 -0.130793 0.000000 0.012410
  -0.009815 0.012903 -0.021436 0.010720 0.012924 0.005687 -0.014224
  -0.000847 0.012412 -0.004735 0.005342 -0.012122 -0.008681 0.013896
  -0.021597 0.001986 -0.018607 0.000000 0.000000 0.000000 0.105378 0.000000
  0.000000 0.000000 0.000000 -0.173547 0.096321 0.000000 0.000000 0.000000
  -0.004991 0.000000 0.000000 -0.003500 -0.162374 0.000000 0.000000
  0.000000 0.000000 0.000000 0.000000 0.096804 -0.240539 0.240134 0.000000
  0.000000 0.011332 -0.003391 0.012716 -0.022156 -0.004743 -0.002826
  0.008208 -0.024167 0.004376 0.004199 0.007071 0.009846 -0.009586
  -0.006688 0.015252 -0.050561 -0.020802 0.042063 0.000000 0.000000
  0.000000 0.000000 0.000000 -0.364242 0.000000 0.000000 0.000000 -0.284898
  0.353604 0.094063 0.000000 0.188151 -0.001757 0.000000 0.000000 -0.107686
  0.022929 0.000000 0.214557 0.022325 -0.031842 0.000000 0.000000 0.000000
  0.000000 0.000000 0.014874 -0.002400 0.013568 0.016968 0.010996 0.010830
  -0.005625 0.004764 0.005946 0.012921 0.000463 0.002390 0.013779 0.000862
  0.013740 -0.000162 0.018354 -0.029914 0.000000 0.000000 0.376237
  -0.440289 0.000000 0.082577 0.000000 0.000000 0.000000 0.000000 0.000000
  0.000000 0.000000 0.000000 0.000000 0.000000 0.000000 0.000000 0.049608
  0.000000 0.000000 0.000000 0.000000 0.000000 0.000000 -0.130548 0.000000
  -0.010287 -0.013263 -0.008871 -0.042181 0.013495 0.015981 0.009681
  -0.005851 -0.016456 0.002412 -0.020436 -0.005026 -0.034047 -0.011477
  -0.010234 0.020578 0.005103 0.000000 0.000000 0.000000 0.000000 0.000000
  0.000000 0.000000 0.000000 0.000000 0.000000 0.000000 0.000000 0.000000
  0.000000 0.000000 0.000000 0.000000 0.000000 0.000000 0.000000 0.000000
  0.000000 0.000000 0.000000 0.000000 0.000000 0.000000 0.000000 0.000000
  0.000000 0.000000 0.000000 0.000000 0.000000 0.000000 0.000000 0.000000
  0.000000 0.000000 0.000000 0.000000 0.000000 0.000000 0.000000 0.105378
  0.000000 0.000000 0.000000 0.000000 0.000000 0.000000 0.000000 0.000000
  0.000000 0.000000 0.000000 0.000000 0.000000 0.000000 0.000000 0.000000
  0.000000 0.000000 0.000000 0.000000 0.000000 0.000000 0.000000 0.000000
  0.000000 0.033859 0.052243 0.039828 -0.008986 0.023001 0.003813 -0.041738
  0.007016 0.035139 0.044792 0.039809 0.027429 0.018326 0.027851 0.007643
  0.084252 0.037303 0.376237 0.000000 0.000000 0.000000 0.000000 0.000000
  0.000000 0.000000 0.000000 0.000000 0.000000 0.000000 0.000000 0.000000
  0.000000 0.000000 0.000000 0.000000 0.000000 0.000000 0.000000 0.000000
  0.000000 0.000000 0.000000 0.055476 0.088835 0.056173 0.095649 0.096619
  0.106352 0.124112 0.107235 0.074930 0.126087 0.051563 0.076132 0.103972
  0.075837 0.092027 0.102534 0.093786 -0.440289 0.000000 0.000000 0.000000
  0.000000 0.000000 0.000000 0.000000 0.000000 0.000000 0.000000 0.000000
  0.000000 0.000000 0.000000 0.000000 0.000000 0.000000 0.000000 0.000000
  0.000000 0.000000 0.000000 0.000000 -0.128660 -0.135982 -0.078343
  -0.124099 -0.090911 -0.098265 -0.067833 -0.088357 -0.112693 -0.115552
  -0.121559 -0.092131 -0.132404 -0.080438 -0.090144 -0.106136 -0.117587
  -0.364242 0.000000 0.000000 0.000000 0.000000 0.000000 0.000000 0.000000
  0.000000 0.000000 0.000000 0.000000 0.000000 0.000000 0.000000 0.000000
  0.000000 0.000000 0.000000 0.000000 0.000000 0.000000 0.000000 -0.061400
  -0.096032 -0.111953 -0.118887 -0.048636 -0.076944 -0.087054 -0.076069
  -0.081346 -0.069928 -0.101540 -0.090435 -0.107131 -0.039795 -0.068225
  -0.172506 -0.064428 0.082577 0.000000 0.000000 0.000000 0.000000 0.000000
  0.000000 0.000000 0.000000 0.000000 0.000000 0.000000 0.000000 0.000000
  0.000000 0.000000 0.000000 0.000000 0.000000 0.000000 0.000000 0.000000
  0.044733 0.020060 0.035355 0.012433 0.011868 0.037293 -0.015364 -0.000138
  0.028187 0.008259 0.022266 0.004798 -0.011049 0.004611 0.021197 0.068963
  0.042383 -0.173547 0.000000 0.000000 0.000000 0.000000 0.000000 0.000000
  0.000000 0.000000 0.000000 0.000000 0.000000 0.000000 0.000000 0.000000
  0.000000 0.000000 0.000000 0.000000 0.000000 0.000000 -0.038503 -0.063970
  -0.057902 -0.050340 -0.022367 -0.038310 -0.038890 -0.066402 -0.014991
  -0.054594 -0.041785 -0.059642 -0.010257 -0.022911 -0.040883 -0.051993
  -0.025103 0.096321 0.000000 0.000000 0.000000 0.000000 0.000000 0.000000
  0.000000 0.000000 0.000000 0.000000 0.000000 0.000000 0.000000 0.000000
  0.000000 0.000000 0.000000 0.000000 0.000000 0.006995 0.020110 0.018466
  0.027631 0.003878 0.046085 0.021253 0.013757 0.016311 0.035202 0.020155
  0.018131 -0.001607 0.022116 0.018361 0.082673 0.026752 -0.284898 0.000000
  0.000000 0.000000 0.000000 0.000000 0.000000 0.000000 0.000000 0.000000
  0.000000 0.000000 0.000000 0.000000 0.000000 0.000000 0.000000 0.000000
  0.000000 -0.099561 -0.094056 -0.084467 -0.108981 -0.088597 0.015471
  -0.032802 -0.056177 -0.068059 -0.029951 -0.097204 -0.078744 -0.069503
  -0.027281 -0.057557 -0.086073 -0.085740 0.353604 0.000000 0.000000
  0.000000 0.000000 0.000000 0.000000 0.000000 0.000000 0.000000 0.000000
  0.000000 0.000000 0.000000 0.000000 0.000000 0.000000 0.000000 0.084495
  0.074934 0.071564 0.102990 0.066025 0.069630 0.061726 0.087296 0.072934
  0.117298 0.080394 0.077942 0.084698 0.086239 0.069807 0.115579 0.122417
  0.094063 0.000000 0.000000 0.000000 0.000000 0.000000 0.000000 0.000000
  0.000000 0.000000 0.000000 0.000000 0.000000 0.000000 0.000000 0.000000
  0.000000 0.009649 0.048347 0.015501 0.084689 0.005983 -0.006638 0.010512
  0.006920 0.008953 0.009068 0.047750 0.027335 0.057807 0.016735 0.018315
  0.030197 -0.013289 -0.004991 0.000000 0.000000 0.000000 0.000000 0.000000
  0.000000 0.000000 0.000000 0.000000 0.000000 0.000000 0.000000 0.000000
  0.000000 0.000000 0.014574 0.055892 0.033810 0.030563 0.015419 0.015507
  0.049642 0.036046 -0.032162 0.004851 0.019371 0.023294 -0.000711 0.007258
  0.013220 -0.382069 0.040655 0.188151 0.000000 0.000000 0.000000 0.000000
  0.000000 0.000000 0.000000 0.000000 0.000000 0.000000 0.000000 0.000000
  0.000000 0.000000 0.057758 0.046839 0.055270 0.042248 0.069568 0.044700
  0.016599 0.049202 0.018747 0.049487 0.014406 0.054782 0.054509 0.053431
  0.023565 0.023134 0.096727 -0.001757 0.000000 0.000000 0.000000 0.000000
  0.000000 0.000000 0.000000 0.000000 0.000000 0.000000 0.000000 0.000000
  0.000000 -0.008007 0.007398 0.014365 -0.018207 0.016343 0.019638 0.010244
  -0.023168 0.023043 -0.004129 0.015045 -0.002715 -0.022384 -0.030137
  -0.002853 -0.002516 -0.014853 -0.003500 0.000000 0.000000 0.000000
  0.000000 0.000000 0.000000 0.000000 0.000000 0.000000 0.000000 0.000000
  0.000000 -0.035097 0.003444 -0.010725 -0.001431 0.030332 -0.015439
  -0.007017 -0.008920 0.005168 0.028022 -0.009895 0.019883 0.015757
  0.010757 -0.018509 0.005786 -0.026078 -0.162374 0.000000 0.000000
  0.000000 0.000000 0.000000 0.000000 0.000000 0.000000 0.000000 0.000000
  0.000000 -0.012490 -0.055637 -0.044330 -0.036369 -0.087308 -0.051031
  -0.035536 -0.046582 -0.034781 -0.060380 -0.005456 -0.041420 -0.051903
  -0.041642 0.002239 0.050440 -0.102577 -0.107686 0.000000 0.000000
  0.000000 0.000000 0.000000 0.000000 0.000000 0.000000 0.000000 0.000000
  -0.008136 -0.033326 -0.005300 -0.037894 -0.036701 -0.018279 -0.036695
  -0.015117 -0.055099 -0.073360 -0.039974 -0.011112 -0.004296 -0.030665
  0.006208 -0.027179 -0.001124 0.022929 0.000000 0.000000 0.000000 0.000000
  0.000000 0.000000 0.000000 0.000000 0.000000 0.026517 0.002070 0.021043
  0.008196 0.011199 0.024353 -0.001635 0.036221 0.017600 -0.042873 0.009082
  -0.001897 0.028136 -0.014595 0.000205 -0.032142 -0.006947 0.049608
  0.000000 0.000000 0.000000 0.000000 0.000000 0.000000 0.000000 0.000000
  0.018046 0.014811 -0.011619 -0.014703 0.016933 0.034671 0.015161 0.007265
  0.031086 -0.001748 0.027228 0.007157 0.016044 0.004090 0.013614 0.002061
  0.017658 0.214557 0.000000 0.000000 0.000000 0.000000 0.000000 0.000000
  0.000000 0.034380 0.019134 0.052344 0.051470 0.053851 0.066204 0.041729
  0.026869 0.080651 0.110783 0.062767 0.048819 0.031992 0.032793 0.028907
  0.084173 0.037893 0.022325 0.000000 0.000000 0.000000 0.000000 0.000000
  0.000000 0.002883 0.017823 0.030405 0.004682 -0.000439 0.007670 0.004460
  -0.023105 0.007341 -0.025123 0.018508 0.007118 -0.008944 -0.021890
  0.036893 0.031559 -0.006723 -0.031842 0.000000 0.000000 0.000000 0.000000
  0.000000 0.006915 -0.001311 -0.013351 0.044073 -0.012763 -0.110345
  -0.004997 0.002859 -0.005054 0.000769 -0.008058 -0.024103 -0.000216
  -0.022397 -0.010079 0.033753 -0.002557 0.096804 0.000000 0.000000
  0.000000 0.000000 0.029906 0.014142 0.055497 -0.004336 0.014893 0.015252
  0.027903 -0.017612 0.030320 0.032203 0.013277 0.034315 -0.004582
  -0.008886 0.059462 0.060990 0.035268 -0.240539 0.000000 0.000000 0.000000
  -0.039217 -0.061055 -0.071612 -0.067258 -0.032764 -0.041282 -0.044116
  -0.044504 -0.062185 -0.079677 -0.069011 -0.045465 -0.073001 -0.054568
  -0.023382 -0.097531 -0.071896 0.240134 0.000000 0.000000 0.072254
  0.024007 0.075427 0.044248 0.041045 0.057014 0.092856 0.055217 0.070474
  0.061920 0.054570 0.052459 0.079576 0.039384 0.027050 0.096278 0.024095
  -0.130548 0.000000 -0.014217 -0.018268 -0.021104 -0.063589 -0.004556
  -0.044500 -0.034085 -0.039163 -0.057898 -0.012165 -0.025051 -0.007549
  -0.052326 -0.029809 -0.060084 -0.022881 -0.024132 0.000000 0.000000
  0.000000 0.000000 0.000000 0.000000 0.000000 0.000000 0.000000 0.000000
  0.000000 0.000000 0.000000 0.000000 0.000000 0.000000 0.000000 0.000000
  0.012410 0.000000 0.000000 0.000000 0.000000 0.000000 0.000000 0.000000
  0.000000 0.000000 0.000000 0.000000 0.000000 0.000000 0.000000 0.000000
  0.000000 -0.009815 0.000000 0.000000 0.000000 0.000000 0.000000 0.000000
  0.000000 0.000000 0.000000 0.000000 0.000000 0.000000 0.000000 0.000000
  0.000000 0.012903 0.000000 0.000000 0.000000 0.000000 0.000000 0.000000
  0.000000 0.000000 0.000000 0.000000 0.000000 0.000000 0.000000 0.000000
  -0.021436 0.000000 0.000000 0.000000 0.000000 0.000000 0.000000 0.000000
  0.000000 0.000000 0.000000 0.000000 0.000000 0.000000 0.010720 0.000000
  0.000000 0.000000 0.000000 0.000000 0.000000 0.000000 0.000000 0.000000
  0.000000 0.000000 0.000000 0.012924 0.000000 0.000000 0.000000 0.000000
  0.000000 0.000000 0.000000 0.000000 0.000000 0.000000 0.000000 0.005687
  0.000000 0.000000 0.000000 0.000000 0.000000 0.000000 0.000000 0.000000
  0.000000 0.000000 -0.014224 0.000000 0.000000 0.000000 0.000000 0.000000
  0.000000 0.000000 0.000000 0.000000 -0.000847 0.000000 0.000000 0.000000
  0.000000 0.000000 0.000000 0.000000 0.000000 0.012412 0.000000 0.000000
  0.000000 0.000000 0.000000 0.000000 0.000000 -0.004735 0.000000 0.000000
  0.000000 0.000000 0.000000 0.000000 0.005342 0.000000 0.000000 0.000000
  0.000000 0.000000 -0.012122 0.000000 0.000000 0.000000 0.000000 -0.008681
  0.000000 0.000000 0.000000 0.013896 0.000000 0.000000 -0.021597 0.000000
  0.001986 ]
[ 0.000000 0.442583 3.946718 0.086775 -1.088181 -0.035197 0.358539
  -0.165179 -0.026408 0.231371 0.000000 0.316643 0.107878 -0.499508
  -0.792498 0.291312 -0.897439 0.009224 -0.850222 0.568733 0.725967
  -0.222353 0.362438 0.256022 0.298044 0.015577 -0.425341 -0.052674
  0.488090 0.496139 0.323535 -0.682224 0.382826 -0.470851 0.162334 0.085284
  0.000000 0.152387 0.164177 0.070389 0.212998 -0.230247 0.091496 0.156410
  -0.137939 0.126288 -0.135054 -0.191681 0.050604 0.207668 -0.275401
  -0.037826 -0.410960 0.067864 -0.229023 -3.268531 0.443558 0.644275
  0.435768 0.441667 0.264731 0.141055 0.005233 0.000000 0.060721 -0.625019
  0.416174 0.346889 0.160831 0.197779 0.180147 0.430089 -0.399673 -0.388220
  0.139746 -0.067168 0.047800 0.089288 0.049814 0.031786 -0.132297
  -0.165658 -0.205498 0.134792 0.588749 -0.013777 0.083811 -0.101553
  0.226347 0.000000 0.213623 0.027100 0.017740 0.109691 0.157183 0.027435
  0.034899 0.038550 0.037960 -0.107587 0.169617 -0.116027 0.006757
  -0.087257 0.043966 0.278608 0.029899 -23.303725 3.953003 7.663650
  3.881722 3.902513 1.977155 0.524817 0.417974 0.000000 -1.457704 -4.873702
  6.108151 5.063433 -0.928369 4.023604 -0.772385 5.482866 -5.172466
  -2.647566 0.134478 -1.044540 0.139005 0.312605 3.081299 2.353819
  -0.334256 -1.769881 -3.370805 0.514314 0.449392 -0.634241 3.076039
  -2.745552 2.360134 0.000000 0.620037 0.461052 0.170655 -0.135363 0.752272
  0.416011 -0.139396 0.460686 0.381153 -0.326140 0.923752 0.721259 0.156931
  0.986814 0.813676 1.029322 -0.967544 0.087816 -1.100040 -0.035281
  0.361326 -0.165536 -0.009763 0.211232 0.000000 0.318117 0.105631
  -0.500436 -0.791586 0.275661 -0.902284 -0.007483 -0.852178 0.579407
  0.715307 -0.231110 0.379274 0.266041 0.298270 0.026167 -0.425302
  -0.041998 0.480333 0.489733 0.332480 -0.679176 0.393812 -0.467301
  0.164970 0.070726 0.000000 0.162590 0.167745 0.067080 0.208712 -0.222513
  0.080411 0.161317 -0.156239 0.136697 -0.147259 -0.184798 0.051184
  0.198382 -0.274922 -0.029598 -0.400611 0.061600 -0.488093 -1.081150
  -1.097570 -0.897439 -1.470132 0.237069 0.000000 0.000000 0.000000
  -0.499508 -0.792498 0.000000 -0.897439 0.000000 -0.850222 0.000000
  0.000000 0.000000 0.000000 0.000000 0.000000 0.000000 -0.425341 0.000000
  0.488090 0.000000 0.000000 -0.682224 0.000000 0.000000 0.000000 0.085284
  0.000000 -0.387184 -0.423663 -0.268792 0.363320 -0.040255 -0.439051
  -0.437743 0.167982 -0.165451 -0.129221 -0.398774 -0.621914 -0.341823
  -0.306545 -0.589975 0.437008 -0.169868 -0.042118 0.176029 -0.140725
  -0.052357 0.230768 0.000000 0.322845 0.077227 -0.493954 -0.780777
  0.305594 -0.895654 0.026188 -0.873503 0.552344 0.740445 -0.195985
  0.326076 0.226234 0.342469 0.023358 -0.432503 -0.041688 0.492822 0.473858
  0.340024 -0.666274 0.380375 -0.496337 0.146510 0.090260 0.000000 0.152387
  0.164177 0.070389 0.212998 -0.230247 0.091496 0.156410 -0.137939 0.126288
  -0.135054 -0.191681 0.050604 0.207668 -0.275401 -0.037826 -0.410960
  0.067864 0.358781 -0.164070 -0.017727 0.237035 0.000000 0.310411 0.136477
  -0.505980 -0.783682 0.295251 -0.883107 -0.013954 -0.832261 0.566243
  0.711993 -0.221781 0.371341 0.273514 0.294144 0.013222 -0.431310
  -0.022580 0.480793 0.508246 0.306326 -0.715967 0.395877 -0.464586
  0.166487 0.077978 0.000000 0.152387 0.164177 0.070389 0.212998 -0.230247
  0.091496 0.156410 -0.137939 0.126288 -0.135054 -0.191681 0.050604
  0.207668 -0.275401 -0.037826 -0.410960 0.067864 -0.165179 0.000000
  0.000000 0.000000 0.316643 0.000000 0.000000 0.000000 0.000000 -0.897439
  0.009224 0.000000 0.000000 0.000000 -0.222353 0.000000 0.000000 0.298044
  0.015577 0.000000 0.000000 0.000000 0.000000 0.000000 0.000000 0.382826
  -0.470851 0.162334 0.000000 0.000000 0.070418 0.193514 -0.124488
  -0.060788 -0.091574 -0.053654 -0.356680 0.152035 0.225014 -0.104775
  -0.084225 0.333118 0.308102 -0.737460 0.420895 -0.706632 -0.122177
  -0.026408 0.000000 0.000000 0.000000 0.000000 0.000000 -0.792498 0.000000
  0.000000 0.000000 -0.850222 0.568733 0.725967 0.000000 0.362438 0.256022
  0.000000 0.000000 -0.425341 -0.052674 0.000000 0.496139 0.323535
  -0.682224 0.000000 0.000000 0.000000 0.000000 0.000000 0.056791 0.221342
  -0.056780 0.332703 0.023880 -0.008835 0.346468 -0.371755 -0.129535
  -0.251818 -0.210336 -0.193710 -0.050568 0.168596 -0.435414 0.287319
  0.197322 0.231371 0.000000 0.000000 0.107878 -0.499508 0.000000 0.291312
  0.000000 0.000000 0.000000 0.000000 0.000000 0.000000 0.000000 0.000000
  0.000000 0.000000 0.000000 0.000000 0.488090 0.000000 0.000000 0.000000
  0.000000 0.000000 0.000000 0.085284 0.000000 0.155819 -0.228549 0.402945
  0.055955 -0.415154 0.283892 0.306725 0.042962 0.165366 0.216303 0.004324
  -0.049157 0.116822 0.130637 -0.003957 -0.378914 0.021224 0.000000
  0.000000 0.000000 0.000000 0.000000 0.000000 0.000000 0.000000 0.000000
  0.000000 0.000000 0.000000 0.000000 0.000000 0.000000 0.000000 0.000000
  0.000000 0.000000 0.000000 0.000000 0.000000 0.000000 0.000000 0.000000
  0.000000 0.000000 0.000000 0.000000 0.000000 0.000000 0.000000 0.000000
  0.000000 0.000000 0.000000 0.000000 0.000000 0.000000 0.000000 0.000000
  0.000000 0.000000 0.000000 0.316643 0.000000 0.000000 0.000000 0.000000
  0.000000 0.000000 0.000000 0.000000 0.000000 0.000000 0.000000 0.000000
  0.000000 0.000000 0.000000 0.000000 0.000000 0.000000 0.000000 0.000000
  0.000000 0.000000 0.000000 0.000000 0.000000 0.247509 0.305987 0.562228
  -1.375678 0.774563 -1.277505 0.470509 0.605318 0.236502 -1.025789
  0.610267 0.311397 0.050067 0.827779 0.362981 -0.783044 0.545410 0.107878
  0.000000 0.000000 0.000000 0.000000 0.000000 0.000000 0.000000 0.000000
  0.000000 0.000000 0.000000 0.000000 0.000000 0.000000 0.000000 0.000000
  0.000000 0.000000 0.000000 0.000000 0.000000 0.000000 0.000000 0.000000
  0.917985 -0.847719 1.059981 0.911647 -0.563540 0.939793 0.943794
  -0.508997 1.065825 -0.621224 -0.705278 -0.964437 0.900011 -0.643290
  -0.870642 -0.359347 -0.646589 -0.499508 0.000000 0.000000 0.000000
  0.000000 0.000000 0.000000 0.000000 0.000000 0.000000 0.000000 0.000000
  0.000000 0.000000 0.000000 0.000000 0.000000 0.000000 0.000000 0.000000
  0.000000 0.000000 0.000000 0.000000 -0.366683 -0.131032 -0.243078
  -0.354031 0.211074 -0.279356 -0.219793 -0.092678 -0.383106 0.081935
  -0.049572 0.005315 -0.328277 0.059963 -0.025383 0.105227 0.096987
  -0.792498 0.000000 0.000000 0.000000 0.000000 0.000000 0.000000 0.000000
  0.000000 0.000000 0.000000 0.000000 0.000000 0.000000 0.000000 0.000000
  0.000000 0.000000 0.000000 0.000000 0.000000 0.000000 0.000000 -0.885086
  -0.711907 -0.491388 0.610749 -0.296592 0.919061 0.929833 -0.449836
  0.882339 -0.297904 -0.351253 -0.630660 -0.829330 -0.389630 -0.520797
  -0.344213 -0.595689 0.291312 0.000000 0.000000 0.000000 0.000000 0.000000
  0.000000 0.000000 0.000000 0.000000 0.000000 0.000000 0.000000 0.000000
  0.000000 0.000000 0.000000 0.000000 0.000000 0.000000 0.000000 0.000000
  0.013558 0.258160 0.177270 0.171445 -1.363305 0.072450 0.105545 0.523195
  0.082625 0.539179 0.392977 0.346012 0.006952 0.423464 0.349835 -1.103054
  0.250236 -0.897439 0.000000 0.000000 0.000000 0.000000 0.000000 0.000000
  0.000000 0.000000 0.000000 0.000000 0.000000 0.000000 0.000000 0.000000
  0.000000 0.000000 0.000000 0.000000 0.000000 0.000000 -0.791989 -0.771561
  -0.504822 1.169242 -0.385771 -0.603981 -0.502425 -0.327921 1.205457
  -0.285334 -0.479404 -0.745707 1.150599 -0.285112 -0.676167 -0.173616
  -0.647932 0.009224 0.000000 0.000000 0.000000 0.000000 0.000000 0.000000
  0.000000 0.000000 0.000000 0.000000 0.000000 0.000000 0.000000 0.000000
  0.000000 0.000000 0.000000 0.000000 0.000000 0.633793 0.663662 0.856101
  0.666741 -0.620827 0.653434 -1.018125 0.954571 0.562678 -0.809454
  -0.928084 0.666417 -1.312956 -0.482762 0.605652 -0.489993 -0.828977
  -0.850222 0.000000 0.000000 0.000000 0.000000 0.000000 0.000000 0.000000
  0.000000 0.000000 0.000000 0.000000 0.000000 0.000000 0.000000 0.000000
  0.000000 0.000000 0.000000 0.743976 -0.717110 -0.476057 0.576017
  -0.354826 -0.536209 -0.577163 -0.414830 -0.622422 -0.261205 -0.380006
  -0.559893 0.727275 -0.404865 -0.659345 -0.291123 0.926851 0.568733
  0.000000 0.000000 0.000000 0.000000 0.000000 0.000000 0.000000 0.000000
  0.000000 0.000000 0.000000 0.000000 0.000000 0.000000 0.000000 0.000000
  0.000000 -1.261229 0.381183 0.667594 0.377849 0.843647 0.447884 0.394554
  -0.826236 0.464739 0.876252 -0.903273 0.642824 0.311825 0.629337
  -0.894876 0.868884 -0.815905 0.725967 0.000000 0.000000 0.000000 0.000000
  0.000000 0.000000 0.000000 0.000000 0.000000 0.000000 0.000000 0.000000
  0.000000 0.000000 0.000000 0.000000 -0.107316 -0.050788 0.266278
  -0.069633 0.362510 0.007508 -0.055222 0.604175 0.033289 0.504313 0.260290
  0.232056 -0.076386 0.304350 0.351856 0.406258 0.084538 -0.222353 0.000000
  0.000000 0.000000 0.000000 0.000000 0.000000 0.000000 0.000000 0.000000
  0.000000 0.000000 0.000000 0.000000 0.000000 0.000000 -1.123069 -0.966371
  -0.699278 -0.868304 -0.453881 0.862070 -0.833797 1.154897 -0.895240
  1.315962 1.116526 -0.840702 0.565248 -0.348197 0.829593 -0.341403
  0.986504 0.362438 0.000000 0.000000 0.000000 0.000000 0.000000 0.000000
  0.000000 0.000000 0.000000 0.000000 0.000000 0.000000 0.000000 0.000000
  0.213230 0.219799 -1.327141 0.123745 0.632120 0.258811 0.248436 0.782397
  0.289827 -1.029497 0.529819 0.449011 0.153804 0.488536 -1.330156 0.625091
  0.306239 0.256022 0.000000 0.000000 0.000000 0.000000 0.000000 0.000000
  0.000000 0.000000 0.000000 0.000000 0.000000 0.000000 0.000000 0.120037
  0.165314 0.383947 0.175315 0.537750 0.238880 0.165653 -1.250445 0.232288
  -1.065278 0.455690 0.399487 0.086392 0.472406 0.509973 -0.914637 0.286662
  0.298044 0.000000 0.000000 0.000000 0.000000 0.000000 0.000000 0.000000
  0.000000 0.000000 0.000000 0.000000 0.000000 -0.006885 0.008806 0.320555
  0.156248 0.478483 0.113723 0.310456 0.386397 -0.004509 0.531011 0.310177
  0.078927 -0.147031 -0.955156 0.112313 -1.159972 0.319794 0.015577
  0.000000 0.000000 0.000000 0.000000 0.000000 0.000000 0.000000 0.000000
  0.000000 0.000000 0.000000 0.023113 -0.067391 0.205319 0.070992 -1.303816
  0.010032 0.131280 0.313593 -0.118940 0.464111 0.242319 0.000530 -0.204881
  -0.874968 0.103317 0.713294 0.288251 -0.425341 0.000000 0.000000 0.000000
  0.000000 0.000000 0.000000 0.000000 0.000000 0.000000 0.000000 0.945853
  1.061493 1.277398 0.755183 -0.310043 -0.499559 -0.487690 -0.409722
  -0.533111 -0.282425 -0.390295 -0.529304 -0.834390 -0.467006 -0.623635
  -0.285308 -0.507579 -0.052674 0.000000 0.000000 0.000000 0.000000
  0.000000 0.000000 0.000000 0.000000 0.000000 0.731510 0.713556 -0.926639
  -1.084056 -0.604942 -0.929696 0.699299 -0.789144 0.771584 -0.512058
  1.105388 -0.879276 0.622890 -0.718586 1.075037 -0.473733 0.773393
  0.488090 0.000000 0.000000 0.000000 0.000000 0.000000 0.000000 0.000000
  0.000000 -0.040065 0.207994 0.013348 -0.295354 0.420934 -0.028484
  -0.041510 0.090491 -0.159843 0.259905 0.257995 0.380658 -0.104456
  0.298480 0.401230 0.224855 0.181952 0.496139 0.000000 0.000000 0.000000
  0.000000 0.000000 0.000000 0.000000 0.353168 0.327229 0.545278 0.300358
  -0.862990 0.383970 0.248675 -1.030351 -1.430780 0.843053 0.624018
  0.533234 0.337018 0.613197 0.670434 -0.741666 0.382865 0.323535 0.000000
  0.000000 0.000000 0.000000 0.000000 0.000000 -0.032707 -0.121206 0.248541
  -0.014955 0.340315 -0.005066 -0.034423 0.578284 0.032728 0.513769
  -1.346772 0.166926 -0.073946 0.294074 0.362720 0.411536 0.162585
  -0.682224 0.000000 0.000000 0.000000 0.000000 0.000000 -0.626037
  -0.541728 -0.354518 -0.653216 -0.210052 -0.314514 -0.396229 1.990292
  -0.538302 -0.120699 -0.293916 -0.466793 -0.594743 -0.272826 -0.375243
  1.676170 -0.358965 0.382826 0.000000 0.000000 0.000000 0.000000 0.003004
  0.040248 0.365150 0.143750 0.484340 0.188184 0.322894 -1.306468 -0.001464
  0.617524 0.408109 0.133392 -0.114349 0.689793 0.164993 -0.951246 0.305101
  -0.470851 0.000000 0.000000 0.000000 0.594321 0.638944 -0.713252 0.723750
  -0.401337 0.698444 -0.846072 -0.671846 -0.966981 -0.571910 -0.749306
  0.656683 0.420459 -0.401178 0.656412 -0.341950 -0.697916 0.162334
  0.000000 0.000000 0.620719 0.716729 -0.760891 -0.858953 1.164956
  -0.803718 0.906884 -0.668650 0.652097 -0.537408 -0.776432 0.730867
  0.508574 -0.376161 -0.904943 1.428187 -0.641866 0.085284 0.000000
  -0.202445 0.012659 -0.111450 -0.312225 0.378322 -0.072832 -0.102791
  0.084308 -0.237141 0.222007 0.111966 0.128991 -0.212220 0.155212 0.138698
  0.295297 0.162361 0.000000 0.000000 0.000000 0.000000 0.000000 0.000000
  0.000000 0.000000 0.000000 0.000000 0.000000 0.000000 0.000000 0.000000
  0.000000 0.000000 0.000000 0.000000 0.152387 0.000000 0.000000 0.000000
  0.000000 0.000000 0.000000 0.000000 0.000000 0.000000 0.000000 0.000000
  0.000000 0.000000 0.000000 0.000000 0.000000 0.164177 0.000000 0.000000
  0.000000 0.000000 0.000000 0.000000 0.000000 0.000000 0.000000 0.000000
  0.000000 0.000000 0.000000 0.000000 0.000000 0.070389 0.000000 0.000000
  0.000000 0.000000 0.000000 0.000000 0.000000 0.000000 0.000000 0.000000
  0.000000 0.000000 0.000000 0.000000 0.212998 0.000000 0.000000 0.000000
  0.000000 0.000000 0.000000 0.000000 0.000000 0.000000 0.000000 0.000000
  0.000000 0.000000 -0.230247 0.000000 0.000000 0.000000 0.000000 0.000000
  0.000000 0.000000 0.000000 0.000000 0.000000 0.000000 0.000000 0.091496
  0.000000 0.000000 0.000000 0.000000 0.000000 0.000000 0.000000 0.000000
  0.000000 0.000000 0.000000 0.156410 0.000000 0.000000 0.000000 0.000000
  0.000000 0.000000 0.000000 0.000000 0.000000 0.000000 -0.137939 0.000000
  0.000000 0.000000 0.000000 0.000000 0.000000 0.000000 0.000000 0.000000
  0.126288 0.000000 0.000000 0.000000 0.000000 0.000000 0.000000 0.000000
  0.000000 -0.135054 0.000000 0.000000 0.000000 0.000000 0.000000 0.000000
  0.000000 -0.191681 0.000000 0.000000 0.000000 0.000000 0.000000 0.000000
  0.050604 0.000000 0.000000 0.000000 0.000000 0.000000 0.207668 0.000000
  0.000000 0.000000 0.000000 -0.275401 0.000000 0.000000 0.000000 -0.037826
  0.000000 0.000000 -0.410960 0.000000 0.067864 ]
4.661418 -3.593337 -20.942076